     0/149     7.39G   0.06047   0.01975         0   0.08022        48       640    0.3225    0.3054    0.2379   0.07875    0.0799   0.02641         0
     1/149     7.41G   0.05239   0.01782         0   0.07022        56       640    0.3753    0.2491    0.2239   0.07003   0.09046   0.02394         0
     2/149     7.41G   0.05209   0.01759         0   0.06968        51       640    0.2662    0.1915    0.1264   0.03949   0.09621   0.02433         0
     3/149     7.41G   0.05325   0.01763         0   0.07088        46       640    0.2763    0.2511    0.1698   0.05321   0.09439   0.02479         0
     4/149     7.41G   0.05121   0.01803         0   0.06924        42       640    0.3373    0.2741    0.2243   0.08221   0.08045   0.02843         0
     5/149     7.41G   0.05142   0.01799         0   0.06941        37       640    0.3429    0.2783    0.2327   0.08932   0.08433   0.02709         0
     6/149     7.41G   0.04906   0.01817         0   0.06723        49       640    0.4214    0.3004    0.2788    0.1045   0.08264   0.02684         0
     7/149     7.41G   0.04778   0.01818         0   0.06596        24       640    0.4437    0.2854     0.294    0.1167   0.07883   0.02815         0
     8/149     7.41G   0.04721   0.01865         0   0.06585        48       640     0.433    0.3446    0.3343    0.1413   0.07074   0.02966         0
     9/149     7.41G   0.04671   0.01827         0   0.06498        54       640    0.3804     0.378    0.3328    0.1368   0.07234   0.02922         0
    10/149     7.41G   0.04632   0.01844         0   0.06476        43       640    0.4154    0.3709    0.3284    0.1372   0.07096   0.02944         0
    11/149     7.41G   0.04629   0.01825         0   0.06454        24       640    0.4189    0.3725    0.3414    0.1449   0.07239   0.02928         0
    12/149     7.41G   0.04584   0.01831         0   0.06415        40       640    0.4666    0.3482    0.3563    0.1513   0.07492   0.02804         0
    13/149     7.41G   0.04534   0.01831         0   0.06365        60       640    0.4395    0.3634    0.3479    0.1417   0.07316   0.02897         0
    14/149     7.41G   0.04531   0.01838         0   0.06369        57       640    0.4226    0.3596     0.351    0.1534   0.07014   0.02922         0
    15/149     7.41G   0.04502     0.018         0   0.06302        65       640    0.4647      0.37    0.3726    0.1582   0.07242   0.02822         0
    16/149     7.41G    0.0439   0.01781         0   0.06171        40       640    0.4752    0.3776     0.376    0.1593   0.07179   0.02872         0
    17/149     7.41G   0.04407   0.01818         0   0.06225        57       640    0.4745    0.3771    0.3675    0.1629   0.06952   0.02891         0
    18/149     7.41G   0.04366   0.01813         0   0.06179        51       640    0.4122    0.3842    0.3393    0.1439   0.07044     0.029         0
    19/149     7.41G   0.04328   0.01825         0   0.06153        60       640    0.4828    0.3805    0.3755     0.164   0.07132   0.02876         0
    20/149     7.41G   0.04359   0.01822         0   0.06181        39       640    0.5042    0.3617    0.3668    0.1561   0.07079   0.02889         0
    21/149     7.41G   0.04381   0.01815         0   0.06196        38       640    0.4031     0.325    0.2923     0.118   0.07493   0.02918         0
    22/149     7.41G    0.0455   0.01892         0   0.06442        64       640    0.4163    0.3584    0.3333     0.142   0.06978    0.0293         0
    23/149     7.41G   0.04488   0.01871         0   0.06359        37       640    0.4432     0.325    0.3195    0.1348    0.0732   0.02845         0
    24/149     7.41G   0.04446   0.01877         0   0.06323        49       640    0.4775    0.3485    0.3534    0.1515   0.07041    0.0288         0
    25/149     7.41G   0.04324   0.01855         0    0.0618        32       640    0.4938    0.3763    0.3828    0.1621   0.06903   0.02905         0
    26/149     7.41G   0.04321   0.01815         0   0.06136        54       640    0.4929    0.3571     0.369    0.1575    0.0675   0.02951         0
    27/149     7.41G   0.04364   0.01815         0   0.06179        58       640    0.4581    0.3751     0.372    0.1607   0.06938   0.02909         0
    28/149     7.41G   0.04336   0.01826         0   0.06162        40       640    0.4726    0.3705    0.3712    0.1674   0.06724   0.02958         0
    29/149     7.41G   0.04224   0.01801         0   0.06025        44       640    0.4618    0.4034    0.3863    0.1695   0.06815   0.02939         0
    30/149     7.41G   0.04232     0.018         0   0.06032        42       640    0.5405    0.3663    0.3989    0.1732   0.06791   0.02965         0
    31/149     7.41G   0.04179   0.01778         0   0.05957        66       640    0.4206     0.418    0.3688    0.1598   0.06859   0.02928         0
    32/149     7.41G   0.04227   0.01816         0   0.06043        46       640    0.4666    0.3838    0.3809    0.1639   0.06782   0.02991         0
    33/149     7.41G   0.04167   0.01801         0   0.05968        36       640    0.4662    0.4009    0.3795     0.164   0.06748   0.02979         0
    34/149     7.41G   0.04108   0.01768         0   0.05877        30       640    0.4809    0.3955    0.3821    0.1711   0.06824   0.02978         0
    35/149     7.41G   0.04099    0.0176         0   0.05859        44       640    0.5132    0.3613    0.3764    0.1652   0.06823   0.03022         0
    36/149     7.41G    0.0413    0.0173         0    0.0586        51       640    0.4697    0.3791     0.374    0.1618   0.06783   0.02997         0
    37/149     7.41G   0.04106   0.01797         0   0.05903        46       640    0.4807    0.3972    0.3863    0.1683   0.06943   0.02939         0
    38/149     7.41G   0.04141   0.01766         0   0.05907        41       640    0.5063    0.3834    0.3871    0.1708   0.06811   0.02981         0
    39/149     7.41G   0.04152    0.0177         0   0.05922        49       640    0.5188    0.3692    0.3837    0.1671   0.06941   0.02968         0
    40/149     7.41G   0.04036   0.01809         0   0.05845        41       640    0.4786     0.388    0.3805    0.1687   0.06934   0.02998         0
    41/149     7.41G   0.04018   0.01736         0   0.05753        49       640    0.5155    0.3645    0.3868    0.1697    0.0704   0.02926         0
    42/149     7.41G   0.03993    0.0175         0   0.05743        37       640    0.4864    0.3725    0.3832     0.173   0.06937   0.03028         0
    43/149     7.41G   0.04038   0.01737         0   0.05775        60       640    0.4838    0.3826      0.38    0.1685   0.07011   0.03009         0
    44/149     7.41G   0.04013   0.01737         0    0.0575        47       640    0.4806    0.3742    0.3644    0.1653   0.07053   0.02981         0
    45/149     7.41G    0.0402   0.01768         0   0.05788        38       640     0.443    0.4047    0.3672    0.1599   0.06969   0.03012         0
    46/149     7.41G   0.03972   0.01739         0   0.05711        37       640    0.4528    0.4009    0.3728    0.1634   0.07035   0.03027         0
    47/149     7.41G   0.03969   0.01736         0   0.05705        40       640    0.4711     0.398    0.3808    0.1696   0.06808   0.03138         0
    48/149     7.41G   0.03961   0.01699         0    0.0566        44       640    0.4426    0.4143    0.3728    0.1573   0.06873   0.03158         0
    49/149     7.41G   0.03876   0.01697         0   0.05573        30       640    0.4583    0.3925    0.3665    0.1645     0.069   0.03118         0
    50/149     7.41G   0.03948    0.0173         0   0.05678        51       640    0.4799    0.4076    0.3867     0.168   0.06837   0.03101         0
    51/149     7.41G   0.03912   0.01736         0   0.05649        35       640    0.4533    0.4063    0.3774    0.1647   0.06856   0.03113         0
    52/149     7.41G    0.0389   0.01692         0   0.05582        31       640    0.5019    0.3738    0.3749    0.1593   0.07015   0.03062         0
    53/149     7.41G   0.03811   0.01711         0   0.05522        67       640    0.4997    0.3684    0.3681    0.1578   0.06948   0.03157         0
    54/149     7.41G   0.03857   0.01712         0   0.05569        43       640    0.4491    0.4033    0.3638    0.1553    0.0692   0.03138         0
    55/149     7.41G   0.03878   0.01672         0   0.05551        52       640    0.4525    0.4021    0.3742    0.1632   0.06874   0.03119         0
    56/149     7.41G   0.03813    0.0167         0   0.05483        45       640    0.4697    0.3922    0.3833    0.1697   0.06918   0.03147         0
    57/149     7.41G   0.03817   0.01667         0   0.05483        41       640    0.4843    0.3767    0.3718    0.1623   0.06913   0.03202         0
    58/149     7.41G   0.03831   0.01677         0   0.05508        49       640    0.4656    0.3792    0.3657    0.1593   0.06885   0.03164         0
    59/149     7.41G   0.03822   0.01661         0   0.05483        38       640    0.4583    0.3851    0.3623    0.1556   0.06902   0.03173         0
    60/149     7.41G   0.03749    0.0165         0   0.05399        66       640    0.4782    0.3922    0.3631    0.1587   0.06964   0.03143         0
    61/149     7.41G   0.03786   0.01647         0   0.05433        67       640     0.482    0.3846    0.3735    0.1628   0.07042   0.03213         0
    62/149     7.41G   0.03693   0.01628         0   0.05321        48       640    0.4817    0.3734    0.3585    0.1532   0.06891   0.03221         0
    63/149     7.41G    0.0374   0.01652         0   0.05393        50       640    0.4556    0.3942    0.3643    0.1589   0.06977   0.03206         0
    64/149     7.41G    0.0369   0.01617         0   0.05307        35       640    0.4877    0.3638    0.3601    0.1588   0.07026   0.03273         0
    65/149     7.41G   0.03636   0.01625         0   0.05261        64       640    0.4648    0.3751    0.3561    0.1584   0.07085   0.03302         0
    66/149     7.41G   0.03722   0.01597         0    0.0532        63       640    0.4599    0.3655    0.3467    0.1471   0.07123   0.03278         0
    67/149     7.41G   0.03662   0.01623         0   0.05285        70       640    0.5312    0.3563    0.3763    0.1701   0.07022   0.03222         0
    68/149     7.41G   0.03604   0.01627         0   0.05231        73       640    0.4568      0.38    0.3455    0.1499   0.06944   0.03277         0
    69/149     7.41G   0.03602   0.01602         0   0.05205        48       640    0.4716    0.3584    0.3325     0.139   0.07058     0.033         0
    70/149     7.41G   0.03534   0.01587         0   0.05121        35       640    0.4687    0.3734    0.3526    0.1495    0.0698   0.03354         0
    71/149     7.41G    0.0356   0.01591         0   0.05151        53       640    0.4518    0.3922    0.3667    0.1638   0.06965   0.03306         0
    72/149     7.41G   0.03567   0.01603         0    0.0517        37       640    0.4886    0.3529    0.3483    0.1503   0.06985   0.03317         0
    73/149     7.41G   0.03563   0.01542         0   0.05105        35       640    0.4871    0.3799    0.3527    0.1533   0.06964   0.03339         0
    74/149     7.41G   0.03524   0.01589         0   0.05113        34       640    0.4609    0.3834    0.3527    0.1525   0.06923   0.03393         0
    75/149     7.41G   0.03542   0.01579         0   0.05121        52       640    0.4613    0.3644    0.3489    0.1519   0.06941   0.03394         0
    76/149     7.41G   0.03504    0.0155         0   0.05054        46       640    0.4905    0.3492    0.3429    0.1502   0.07008   0.03354         0
    77/149     7.41G   0.03498    0.0152         0   0.05019        61       640    0.4775    0.3721    0.3545    0.1566   0.06992   0.03359         0
    78/149     7.41G   0.03434   0.01552         0   0.04986        36       640    0.4922      0.36    0.3469    0.1487   0.06972   0.03413         0
    79/149     7.41G   0.03379   0.01525         0   0.04903        35       640    0.4587    0.3688    0.3371    0.1447   0.06943   0.03429         0
    80/149     7.41G   0.03399   0.01525         0   0.04924        54       640    0.4494    0.3684    0.3424    0.1466   0.06944   0.03474         0
    81/149     7.41G   0.03386   0.01498         0   0.04884        58       640    0.4242    0.3867    0.3386    0.1428   0.07033   0.03494         0
    82/149     7.41G   0.03383   0.01541         0   0.04924        33       640    0.4462    0.3771    0.3377    0.1431   0.06998   0.03477         0
    83/149     7.41G   0.03366   0.01477         0   0.04843        41       640    0.4598    0.3609    0.3302    0.1377   0.07004   0.03487         0
    84/149     7.41G   0.03324   0.01518         0   0.04842        56       640    0.4552    0.3796    0.3377    0.1397   0.07016   0.03468         0
    85/149     7.41G   0.03299   0.01438         0   0.04737        45       640    0.4603    0.3655    0.3285    0.1402   0.06991   0.03502         0
    86/149     7.41G   0.03325   0.01486         0   0.04811        35       640    0.4381     0.388    0.3223    0.1369   0.07064   0.03506         0
    87/149     7.41G   0.03301   0.01456         0   0.04757        46       640     0.498    0.3529    0.3396    0.1471   0.07095   0.03517         0
    88/149     7.41G    0.0325   0.01477         0   0.04727        50       640    0.4398    0.3917     0.338    0.1451   0.07038   0.03523         0
    89/149     7.41G   0.03213   0.01464         0   0.04677        50       640    0.4468    0.3788    0.3278    0.1438   0.07024   0.03535         0
    90/149     7.41G   0.03196   0.01425         0   0.04621        51       640    0.4465    0.3675    0.3227    0.1359   0.07028   0.03647         0
    91/149     7.41G   0.03209   0.01431         0    0.0464        49       640    0.5023    0.3463    0.3345    0.1421   0.06949   0.03599         0
    92/149     7.41G   0.03217   0.01415         0   0.04632        32       640    0.4385    0.3746    0.3243     0.137   0.06985   0.03652         0
    93/149     7.41G    0.0319   0.01385         0   0.04575        29       640    0.4538    0.3905     0.337    0.1443   0.07033   0.03624         0
    94/149     7.41G   0.03158   0.01416         0   0.04574        28       640     0.454    0.3659    0.3311    0.1442   0.07015   0.03619         0
    95/149     7.41G   0.03113   0.01429         0   0.04543        40       640    0.4604    0.3646    0.3206    0.1363   0.07032   0.03698         0
    96/149     7.41G   0.03138   0.01367         0   0.04504        28       640    0.5049    0.3496    0.3293     0.141   0.06996   0.03698         0
    97/149     7.41G   0.03103   0.01403         0   0.04506        63       640    0.4254    0.3813    0.3112    0.1286   0.06969   0.03759         0
    98/149     7.41G   0.03087   0.01366         0   0.04453        42       640    0.4557      0.36    0.3183    0.1343   0.07058   0.03738         0
    99/149     7.41G   0.03097   0.01383         0    0.0448        46       640    0.4925    0.3484    0.3238    0.1387   0.07073   0.03728         0
   100/149     7.41G   0.03056   0.01359         0   0.04415        60       640    0.4564    0.3584    0.3168    0.1351   0.07038   0.03753         0
   101/149     7.41G   0.03002   0.01342         0   0.04344        62       640    0.4754    0.3475     0.313    0.1319   0.07029   0.03803         0
   102/149     7.41G   0.03045   0.01334         0    0.0438        47       640    0.4765    0.3542    0.3155    0.1334   0.07044   0.03772         0
   103/149     7.41G   0.02979   0.01335         0   0.04313        35       640    0.4206    0.3938     0.314    0.1299   0.07015   0.03781         0
   104/149     7.41G   0.02946   0.01316         0   0.04262        60       640    0.4496    0.3745    0.3174     0.132   0.06996   0.03824         0
   105/149     7.41G    0.0295   0.01326         0   0.04276        58       640    0.4696     0.363    0.3186    0.1331   0.07047   0.03815         0
   106/149     7.41G   0.02966    0.0131         0   0.04276        58       640    0.4451    0.3846    0.3167    0.1357   0.07013   0.03854         0
   107/149     7.41G   0.02882    0.0127         0   0.04152        45       640    0.4395    0.3867    0.3141    0.1323   0.07063   0.03842         0
   108/149     7.41G   0.02896    0.0128         0   0.04176        53       640    0.4107    0.3926    0.3129    0.1317   0.07065   0.03851         0
   109/149     7.41G   0.02868   0.01286         0   0.04154        47       640     0.468    0.3465    0.3046    0.1271   0.07074    0.0393         0
   110/149     7.41G    0.0283   0.01294         0   0.04124        39       640    0.4616     0.357    0.3051    0.1279   0.07121    0.0392         0
   111/149     7.41G   0.02803   0.01255         0   0.04058        41       640    0.4762    0.3554    0.3087    0.1297   0.07119    0.0397         0
   112/149     7.41G     0.028   0.01209         0   0.04009        40       640    0.4417    0.3692     0.302    0.1267   0.07068   0.04003         0
   113/149     7.41G   0.02799   0.01263         0   0.04062        31       640    0.4153    0.3851    0.3029    0.1264   0.07027   0.03982         0
   114/149     7.41G   0.02788   0.01238         0   0.04027        55       640    0.4249    0.3851    0.3075    0.1294   0.07075   0.03971         0
   115/149     7.41G   0.02768   0.01226         0   0.03994        50       640    0.4734    0.3566    0.3108    0.1333   0.07054   0.03995         0
   116/149     7.41G   0.02747   0.01235         0   0.03983        49       640    0.4361     0.383    0.3096    0.1289   0.07062   0.03953         0
   117/149     7.41G   0.02728   0.01218         0   0.03946        37       640    0.4676    0.3575    0.3062    0.1271   0.07113   0.04004         0
   118/149     7.41G   0.02721   0.01238         0   0.03959        44       640    0.4484    0.3742    0.3022    0.1265    0.0709   0.03957         0
   119/149     7.41G    0.0266   0.01199         0   0.03859        42       640    0.4939    0.3428    0.3006    0.1265   0.07077   0.03999         0
   120/149     7.41G   0.02655   0.01192         0   0.03846        55       640    0.4632    0.3559    0.2958    0.1252   0.07112    0.0407         0
   121/149     7.41G   0.02648   0.01169         0   0.03817        28       640    0.4441    0.3659     0.291    0.1218   0.07045   0.04066         0
   122/149     7.41G   0.02652    0.0119         0   0.03841        28       640    0.4658    0.3484    0.2926    0.1236   0.07013   0.04048         0
   123/149     7.41G   0.02617    0.0118         0   0.03798        34       640    0.4712    0.3554    0.2966    0.1252   0.07038   0.04078         0
   124/149     7.41G   0.02611   0.01167         0   0.03778        48       640    0.4361     0.362    0.2834    0.1182   0.07059   0.04117         0
   125/149     7.41G    0.0258   0.01148         0   0.03728        50       640    0.4351    0.3755    0.2892    0.1213   0.07078   0.04144         0
   126/149     7.41G   0.02579   0.01162         0   0.03741        33       640    0.4595     0.355    0.2908    0.1196   0.07088   0.04164         0
   127/149     7.41G   0.02557   0.01159         0   0.03716        62       640    0.4852    0.3433    0.2897     0.121   0.07051   0.04165         0
   128/149     7.41G   0.02518   0.01148         0   0.03666        60       640     0.453    0.3563    0.2844    0.1204   0.07067   0.04191         0
   129/149     7.41G   0.02516   0.01129         0   0.03645        35       640    0.4392    0.3529    0.2788    0.1191   0.07064   0.04209         0
   130/149     7.41G     0.025   0.01129         0   0.03629        32       640    0.4757    0.3425    0.2875    0.1201    0.0705   0.04226         0
   131/149     7.41G   0.02497   0.01133         0   0.03629        60       640    0.4686    0.3458    0.2853    0.1181   0.07084   0.04214         0
   132/149     7.41G   0.02506   0.01149         0   0.03655        54       640     0.467    0.3492    0.2878    0.1198   0.07098   0.04205         0
   133/149     7.41G   0.02497   0.01114         0    0.0361        33       640    0.4777    0.3542    0.2878    0.1189   0.07095   0.04232         0
   134/149     7.41G   0.02481   0.01134         0   0.03615        37       640      0.47    0.3508    0.2864     0.119   0.07075   0.04273         0
   135/149     7.41G    0.0244   0.01117         0   0.03557        53       640    0.4885    0.3312    0.2848    0.1192   0.07097   0.04273         0
   136/149     7.41G   0.02407     0.011         0   0.03508        27       640    0.4707    0.3429    0.2887    0.1214   0.07082   0.04316         0
   137/149     7.41G   0.02416   0.01095         0   0.03512        58       640    0.4455    0.3692    0.2947    0.1234   0.07042   0.04311         0
   138/149     7.41G   0.02379   0.01076         0   0.03454        34       640    0.4698    0.3538    0.2951    0.1239   0.07029   0.04326         0
   139/149     7.41G   0.02438   0.01079         0   0.03517        59       640    0.4904    0.3338    0.2853    0.1195   0.07048   0.04343         0
   140/149     7.41G   0.02395   0.01071         0   0.03466        41       640    0.4749    0.3542    0.2889    0.1207   0.07037   0.04345         0
   141/149     7.41G   0.02388   0.01092         0    0.0348        46       640    0.4451    0.3692    0.2856    0.1181   0.07038   0.04344         0
   142/149     7.41G   0.02358    0.0107         0   0.03428        28       640    0.4565    0.3663    0.2932    0.1217   0.07048   0.04372         0
   143/149     7.41G   0.02324   0.01107         0   0.03431        72       640    0.4527    0.3688    0.2918    0.1218   0.07039   0.04365         0
   144/149     7.41G   0.02348   0.01076         0   0.03424        36       640     0.469    0.3575    0.2896     0.121   0.07032   0.04394         0
   145/149     7.41G    0.0233    0.0106         0   0.03389        45       640    0.4765    0.3521    0.2893    0.1226   0.07056   0.04401         0
   146/149     7.41G   0.02359   0.01053         0   0.03413        41       640    0.5079    0.3354     0.294    0.1247   0.07018   0.04383         0
   147/149     7.41G   0.02298   0.01062         0   0.03359        40       640    0.4858    0.3512    0.2969    0.1243   0.07032   0.04405         0
   148/149     7.41G   0.02334    0.0103         0   0.03364        46       640    0.4654    0.3588    0.2916    0.1232   0.07041   0.04422         0
   149/149     7.41G   0.02344   0.01066         0   0.03411        52       640    0.4985    0.3454    0.2913    0.1217   0.07028   0.04425         0
